+------------+------------+------------+
|PULocationID|DOLocationID|total_amount|
+------------+------------+------------+
|216         |265         |356.04      |
|219         |265         |335.3       |
|130         |265         |330.92      |
|10          |265         |314.42      |
|186         |98          |312.92      |
|262         |265         |298.7       |
|207         |265         |298.54      |
|223         |265         |292.92      |
|70          |265         |284.3       |
|48          |265         |271.67      |
+------------+------------+------------+