+------------+------------+--------------------------+------------+
|PULocationID|DOLocationID|neighbourhood_total_amount|total_amount|
+------------+------------+--------------------------+------------+
|216         |265         |356.04                    |356.04      |
|215         |265         |356.04                    |236.9       |
|219         |265         |335.3                     |335.3       |
|219         |264         |335.3                     |65.92       |
|218         |265         |335.3                     |43.21       |
|130         |265         |330.92                    |330.92      |
|129         |265         |330.92                    |220.1       |
|130         |264         |330.92                    |79.1        |
|10          |265         |314.42                    |314.42      |
|10          |264         |314.42                    |70.92       |
+------------+------------+--------------------------+------------+